sig    =  	 0.7228940853242082900000000; 
ni     =  	 1.9022961237717995000000000; 
hF     =  	 0.6568378881713927700000000; 
nu     =  	 0.5832032155217635700000000; 
alpha  =  	 0.7251680391230420600000000; 
gammap =  	 0.3399799343364851600000000; 
gammaw =  	 0.8208566111080569700000000; 
psin   =  	 1.8616554833816659000000000; 
rhoTR  =  	 0.4573964650908941600000000; 
api    =  	 2.0084853129778297000000000; 
ay     =  	 0.5197738815094051800000000; 
rhoz   =  	 0.4173572257518375900000000; 
rhoc   =  	 0.5809444885980297200000000; 
rhow   =  	 0.7937082427023805000000000; 
rhoi   =  	 0.8573805310623100500000000; 
rhop   =  	 0.9095351729294375300000000; 
rhos   =  	 0.6618127427616334900000000; 
rhoR   =  	 0.4890762527515234400000000; 
rhome  =  	 0.8328071077427851000000000; 
sigc   =  	 0.6722123374675409400000000; 
sigw   =  	 0.5184966262166804700000000; 
sigi   =  	 2.8008347584447471000000000; 
sigp   =  	 1.4151562072206676000000000; 
sigz   =  	 1.1684000817928253000000000; 
sigR   =  	 0.4290226854998003800000000; 
sigs   =  	 6.9478725775783001000000000; 
sigme  =  	 0.7991707514331374300000000; 
